00000000000000000000000000000000000000000000000000000000000000000000000000000000000000000000000000000000000000000
0                                                                                                               0
0     1 = New Project                                                                                           0
0                                                                                                               0
0     2 = Open Project                                                                                          0
0                                                                                                               0
0     3 = Del Project                                                                                           0
0                                                                                                               0
0     4 = Exit Engine                                                                                           0
0                                                                                                               0
0                                                                                                               0
0                                                                                                               0
0                                                                                                               0
0                                                                                                               0
0                                                                                                               0
0                                                                                                               0
0                                                                                                               0
0                                                                                                               0
0                                                                                                               0
0                                                                                                               0
0                                                                                                               0
0                                                                                                               0
0                                                                                                               0
0                                                                                                               0
0                                                                                                               0
0                                                                                                               0
0                                                                                                               0
0                                                                                                               0
0                                                                                                               0
0                                                                                                               0
00000000000000000000000000000000000000000000000000000000000000000000000000000000000000000000000000000000000000000